47.599998 
50.200001 
27.200001 
4.600000 
-18.799999 
-41.000000 
-63.200001 
-63.200001 
-63.200001 
-63.000000 
-63.000000 
-63.000000 
-62.799999 
-62.799999 
-62.799999 
-62.799999 
-62.799999 
-62.799999 
-62.799999 
-62.599998 
-62.400002 
-62.200001 
-62.400002 
-62.200001 
-62.200001 
-62.200001 
-62.200001 
-62.000000 
-62.000000 
-62.000000 
-62.000000 
-62.000000 
-61.799999 
-61.599998 
-61.400002 
-61.200001 
-61.200001 
-61.200001 
-61.200001 
-61.200001 
-61.200001 
-61.000000 
-61.000000 
-61.000000 
-60.799999 
-60.599998 
-60.400002 
-60.200001 
-60.000000 
-59.799999 
-59.599998 
-59.400002 
-59.200001 
-59.000000 
-59.000000 
-59.000000 
-58.799999 
-58.599998 
-58.400002 
-58.200001 
-57.799999 
-57.799999 
-57.799999 
-57.599998 
-57.400002 
-57.400002 
-57.200001 
-57.000000 
-57.000000 
-56.799999 
-56.599998 
-56.400002 
-56.200001 
-55.799999 
-55.799999 
-55.599998 
-55.400002 
-55.200001 
-55.200001 
-55.000000 
-54.799999 
-54.599998 
-54.400002 
-54.200001 
-53.799999 
-53.599998 
-53.400002 
-53.200001 
-53.000000 
-52.799999 
-52.599998 
-52.400002 
-52.000000 
-51.599998 
-51.400002 
-51.200001 
-51.000000 
-51.000000 
-51.000000 
-50.799999 
-50.400002 
-50.000000 
-49.599998 
-49.200001 
-49.000000 
-48.799999 
-48.599998 
-48.400002 
-48.200001 
-47.799999 
-47.599998 
-47.400002 
-47.000000 
-46.599998 
-46.400002 
-46.200001 
-46.000000 
-45.799999 
-45.599998 
-45.400002 
-45.000000 
-44.599998 
-44.200001 
-43.799999 
-43.400002 
-43.200001 
-42.799999 
-42.599998 
-42.400002 
-42.000000 
-41.599998 
-41.400002 
-41.200001 
-41.000000 
-41.000000 
-40.799999 
-40.599998 
-40.400002 
-40.000000 
-39.400002 
-39.200001 
-39.000000 
-38.599998 
-38.400002 
-38.200001 
-37.799999 
-37.200001 
-36.799999 
-36.400002 
-36.200001 
-35.799999 
-35.599998 
-35.200001 
-35.000000 
-34.599998 
-34.400002 
-34.000000 
-33.799999 
-33.400002 
-33.000000 
-32.599998 
-32.400002 
-32.000000 
-31.600000 
-31.400000 
-31.000000 
-30.600000 
-30.200001 
-29.799999 
-29.400000 
-29.000000 
-28.600000 
-28.200001 
-27.799999 
-27.400000 
-27.200001 
-26.799999 
-26.600000 
-26.400000 
-26.000000 
-25.400000 
-25.000000 
-24.600000 
-24.000000 
-23.600000 
-23.400000 
-23.200001 
-22.799999 
-22.600000 
-22.400000 
-22.000000 
-21.600000 
-21.200001 
-20.799999 
-20.200001 
-19.799999 
-19.400000 
-19.000000 
-18.600000 
-18.400000 
-18.000000 
-17.600000 
-17.200001 
-16.799999 
-16.400000 
-16.000000 
-15.600000 
-15.200000 
-14.800000 
-14.200000 
-13.800000 
-13.400000 
-13.200000 
-12.800000 
-12.600000 
-12.200000 
-11.800000 
-11.400000 
-11.000000 
-10.400000 
-10.000000 
-9.600000 
-9.200000 
-8.800000 
-8.600000 
-8.400000 
-8.000000 
-7.600000 
-7.200000 
-6.800000 
-6.400000 
-6.000000 
-5.600000 
-5.200000 
-4.600000 
-4.000000 
-3.600000 
-3.200000 
-2.800000 
-2.600000 
-2.200000 
-1.800000 
-1.200000 
-0.800000 
-0.200000 
0.200000 
0.600000 
1.000000 
1.400000 
1.600000 
1.800000 
2.200000 
2.600000 
3.000000 
3.400000 
4.000000 
4.400000 
4.800000 
5.200000 
5.800000 
6.200000 
6.600000 
7.000000 
7.200000 
7.400000 
7.800000 
8.200000 
8.400000 
9.000000 
9.600000 
10.000000 
10.600000 
11.200000 
11.600000 
11.800000 
12.200000 
12.400000 
12.600000 
13.000000 
13.400000 
13.800000 
14.200000 
14.600000 
15.000000 
15.600000 
16.000000 
16.400000 
17.000000 
17.400000 
17.600000 
18.000000 
18.400000 
18.600000 
19.000000 
19.400000 
19.600000 
20.000000 
20.400000 
20.600000 
21.000000 
21.400000 
21.600000 
22.000000 
22.400000 
22.799999 
23.200001 
23.799999 
24.200001 
24.799999 
25.200001 
25.600000 
25.799999 
26.200001 
26.400000 
26.600000 
27.000000 
27.400000 
27.600000 
28.000000 
28.400000 
28.600000 
28.799999 
29.200001 
29.600000 
30.000000 
30.400000 
30.799999 
31.200001 
31.400000 
31.799999 
32.200001 
32.599998 
32.799999 
33.200001 
33.400002 
33.599998 
34.000000 
34.400002 
34.799999 
35.200001 
35.799999 
36.200001 
36.599998 
36.799999 
37.200001 
37.400002 
37.599998 
38.000000 
38.400002 
38.599998 
39.000000 
39.400002 
39.599998 
39.799999 
40.200001 
40.400002 
40.599998 
41.000000 
41.400002 
41.599998 
41.799999 
42.200001 
42.400002 
42.799999 
43.200001 
43.599998 
43.799999 
44.200001 
44.400002 
44.599998 
45.000000 
45.400002 
45.599998 
45.799999 
46.200001 
46.400002 
46.599998 
46.799999 
47.200001 
47.400002 
47.599998 
47.799999 
48.200001 
48.400002 
48.599998 
49.000000 
49.400002 
49.599998 
49.799999 
50.200001 
50.400002 
50.599998 
50.799999 
51.200001 
51.400002 
51.599998 
51.799999 
52.200001 
52.400002 
52.599998 
52.799999 
53.000000 
53.000000 
53.200001 
53.400002 
53.599998 
53.799999 
54.200001 
54.400002 
54.599998 
54.799999 
55.000000 
55.000000 
55.000000 
55.200001 
55.400002 
55.599998 
55.799999 
56.200001 
56.400002 
56.599998 
56.799999 
57.000000 
57.000000 
57.200001 
57.400002 
57.599998 
57.799999 
58.000000 
58.200001 
58.400002 
58.599998 
58.799999 
59.200001 
59.200001 
59.200001 
59.400002 
59.599998 
59.599998 
59.799999 
60.000000 
60.000000 
60.000000 
60.000000 
60.200001 
60.400002 
60.599998 
60.799999 
61.200001 
61.400002 
61.599998 
61.599998 
61.799999 
61.799999 
61.799999 
61.799999 
62.000000 
62.000000 
62.000000 
62.000000 
62.000000 
62.000000 
62.200001 
62.200001 
62.200001 
62.400002 
62.599998 
62.599998 
62.799999 
63.000000 
63.000000 
63.000000 
63.000000 
63.000000 
63.000000 
63.000000 
63.000000 
63.000000 
63.000000 
63.200001 
63.200001 
63.200001 
63.400002 
63.599998 
63.599998 
63.599998 
63.799999 
63.799999 
63.799999 
63.599998 
63.799999 
63.799999 
63.799999 
63.599998 
63.799999 
63.799999 
63.799999 
63.799999 
63.799999 
63.799999 
63.799999 
63.599998 
63.599998 
63.799999 
63.799999 
63.799999 
64.000000 
63.799999 
63.799999 
63.599998 
63.400002 
63.200001 
63.200001 
63.000000 
63.000000 
63.000000 
63.000000 
63.000000 
62.799999 
62.799999 
62.799999 
62.799999 
62.599998 
62.799999 
62.599998 
62.400002 
62.200001 
62.200001 
62.000000 
62.200001 
62.200001 
62.200001 
62.200001 
62.200001 
62.000000 
62.000000 
62.000000 
62.000000 
61.799999 
61.799999 
61.599998 
61.400002 
61.200001 
61.200001 
61.000000 
60.799999 
60.599998 
60.400002 
60.200001 
60.000000 
60.000000 
60.000000 
60.000000 
60.000000 
60.000000 
59.799999 
59.599998 
59.400002 
59.200001 
59.000000 
59.000000 
58.799999 
58.599998 
58.400002 
58.200001 
57.799999 
57.599998 
57.400002 
57.200001 
57.000000 
57.000000 
56.799999 
56.599998 
56.400002 
56.200001 
55.799999 
55.799999 
55.599998 
55.400002 
55.200001 
55.200001 
55.000000 
54.799999 
54.599998 
54.400002 
54.200001 
54.000000 
54.000000 
53.799999 
53.599998 
53.200001 
52.799999 
52.400002 
52.200001 
52.000000 
52.000000 
52.000000 
51.599998 
51.200001 
50.799999 
50.599998 
50.200001 
50.200001 
50.200001 
50.000000 
49.599998 
49.400002 
49.000000 
48.599998 
48.400002 
48.200001 
47.799999 
47.599998 
47.400002 
47.200001 
46.799999 
46.599998 
46.400002 
46.000000 
45.599998 
45.400002 
45.200001 
45.000000 
45.000000 
44.799999 
44.400002 
44.000000 
43.599998 
43.200001 
42.799999 
42.599998 
42.400002 
42.200001 
41.799999 
41.599998 
41.200001 
40.799999 
40.400002 
40.200001 
40.000000 
39.799999 
39.599998 
39.200001 
38.799999 
38.200001 
37.799999 
37.400002 
37.200001 
37.000000 
37.000000 
36.799999 
36.400002 
36.000000 
35.599998 
35.000000 
34.599998 
34.200001 
34.000000 
33.599998 
33.400002 
33.000000 
32.799999 
32.400002 
32.000000 
31.600000 
31.200001 
30.799999 
30.400000 
30.000000 
29.600000 
29.200001 
28.799999 
28.400000 
28.200001 
27.799999 
27.600000 
27.400000 
27.000000 
26.600000 
26.200001 
25.799999 
25.400000 
25.200001 
24.799999 
24.600000 
24.200001 
23.799999 
23.400000 
23.200001 
22.799999 
22.600000 
22.200001 
21.799999 
21.200001 
20.799999 
20.200001 
19.799999 
19.400000 
19.200001 
18.799999 
18.600000 
18.200001 
17.799999 
17.200001 
16.799999 
16.400000 
16.200001 
15.800000 
15.400000 
15.000000 
14.600000 
14.200000 
13.800000 
13.600000 
13.200000 
12.800000 
12.400000 
12.000000 
11.600000 
11.400000 
11.000000 
10.600000 
10.200000 
9.800000 
9.200000 
8.800000 
8.200000 
7.800000 
7.400000 
7.000000 
6.600000 
6.200000 
5.800000 
5.400000 
5.000000 
4.600000 
4.200000 
3.800000 
3.400000 
3.000000 
2.600000 
2.400000 
2.000000 
1.600000 
1.200000 
0.800000 
0.200000 
-0.200000 
-0.600000 
-0.800000 
-1.200000 
-1.400000 
-1.800000 
-2.200000 
-2.800000 
-3.200000 
-3.600000 
-4.000000 
-4.600000 
-5.000000 
-5.400000 
-5.800000 
-6.200000 
-6.400000 
-6.800000 
-7.200000 
-7.800000 
-8.200000 
-8.600000 
-8.800000 
-9.200000 
-9.600000 
-10.000000 
-10.400000 
-10.800000 
-11.200000 
-11.600000 
-12.000000 
-12.400000 
-13.000000 
-13.400000 
-13.800000 
-14.200000 
-14.800000 
-15.200000 
-15.600000 
-16.000000 
-16.400000 
-16.600000 
-17.000000 
-17.400000 
-17.600000 
-18.000000 
-18.400000 
-18.600000 
-19.000000 
-19.600000 
-20.000000 
-20.400000 
-20.799999 
-21.200001 
-21.400000 
-21.600000 
-22.000000 
-22.400000 
-22.799999 
-23.200001 
-23.600000 
-24.000000 
-24.400000 
-24.600000 
-25.000000 
-25.400000 
-25.600000 
-26.000000 
-26.400000 
-26.600000 
-27.000000 
-27.400000 
-27.600000 
-28.000000 
-28.400000 
-28.799999 
-29.400000 
-30.000000 
-30.400000 
-30.799999 
-31.200001 
-31.400000 
-31.600000 
-32.000000 
-32.400002 
-32.599998 
-33.000000 
-33.400002 
-33.599998 
-33.799999 
-34.200001 
-34.400002 
-34.799999 
-35.200001 
-35.599998 
-36.000000 
-36.400002 
-36.599998 
-37.000000 
-37.400002 
-37.599998 
-38.000000 
-38.400002 
-38.599998 
-39.000000 
-39.400002 
-39.799999 
-40.200001 
-40.599998 
-40.799999 
-41.000000 
-41.000000 
-41.200001 
-41.400002 
-41.599998 
-41.799999 
-42.200001 
-42.400002 
-42.799999 
-43.200001 
-43.799999 
-44.000000 
-44.400002 
-44.599998 
-44.799999 
-44.799999 
-45.200001 
-45.400002 
-45.599998 
-46.000000 
-46.400002 
-46.599998 
-46.799999 
-47.200001 
-47.400002 
-47.599998 
-48.000000 
-48.400002 
-48.599998 
-48.799999 
-49.000000 
-49.200001 
-49.400002 
-49.599998 
-50.000000 
-50.400002 
-50.599998 
-50.799999 
-51.000000 
-51.000000 
-51.200001 
-51.400002 
-51.599998 
-51.799999 
-52.200001 
-52.400002 
-52.599998 
-52.799999 
-53.200001 
-53.400002 
-53.599998 
-54.000000 
-54.200001 
-54.200001 
-54.400002 
-54.799999 
-54.799999 
-55.200001 
-55.400002 
-55.599998 
-55.599998 
-55.799999 
-55.799999 
-56.000000 
-56.200001 
-56.400002 
-56.599998 
-56.799999 
-57.000000 
-57.200001 
-57.400002 
-57.599998 
-57.799999 
-58.200001 
-58.200001 
-58.400002 
-58.400002 
-58.599998 
-58.599998 
-58.799999 
-58.799999 
-59.000000 
-59.000000 
-59.000000 
-59.200001 
-59.400002 
-59.799999 
-60.000000 
-60.200001 
-60.400002 
-60.599998 
-60.400002 
-60.599998 
-60.799999 
-60.799999 
-60.799999 
-61.000000 
-61.000000 
-61.000000 
-61.000000 
-61.000000 
-61.200001 
-61.400002 
-61.599998 
-61.799999 
-62.000000 
-62.000000 
-62.000000 
-62.000000 
-62.000000 
-62.000000 
-62.000000 
-62.200001 
-62.400002 
-62.599998 
-62.799999 
-63.000000 
-63.000000 
-63.000000 
-63.000000 
-63.000000 
-63.000000 
-63.000000 
-63.000000 
-63.000000 
-63.000000 
-63.000000 
-63.200001 
-63.400002 
-63.599998 
-63.599998 
-63.599998 
-63.599998 
-63.400002 
-63.200001 
-63.400002 
-63.400002 
-63.400002 
-63.400002 
-63.599998 
-63.599998 
-63.599998 
-63.400002 
-63.400002 
-63.400002 
-63.200001 
-63.400002 
-63.599998 
-63.599998 
-63.400002 
-63.400002 
-63.400002 
-63.200001 
-63.200001 
-63.200001 
-63.200001 
-63.000000 
-63.000000 
-63.000000 
-63.000000 
-63.000000 
-62.799999 
-62.599998 
-62.400002 
-62.400002 
-62.200001 
-62.200001 
-62.200001 
-62.200001 
-62.000000 
-62.000000 
-62.000000 
-61.799999 
-61.599998 
-61.599998 
-61.400002 
-61.400002 
-61.400002 
-61.400002 
-61.200001 
-61.200001 
-61.000000 
-61.000000 
-61.000000 
-61.000000 
-61.000000 
-60.799999 
-60.599998 
-60.400002 
-60.200001 
-60.000000 
-60.000000 
-59.799999 
-59.599998 
-59.400002 
-59.200001 
-59.000000 
-59.000000 
-59.000000 
-59.000000 
-58.799999 
-58.599998 
-58.400002 
-58.200001 
-58.000000 
-58.000000 
-57.799999 
-57.599998 
-57.400002 
-57.200001 
-57.000000 
-57.000000 
-56.799999 
-56.599998 
-56.400002 
-56.000000 
-55.799999 
-55.799999 
-55.799999 
-55.599998 
-55.599998 
-55.400002 
-55.200001 
-54.799999 
-54.599998 
-54.400002 
-54.000000 
-53.599998 
-53.599998 
-53.400002 
-53.200001 
-53.000000 
-52.799999 
-52.400002 
-52.200001 
-52.000000 
-51.799999 
-51.599998 
-51.400002 
-51.200001 
-50.799999 
-50.599998 
-50.400002 
-50.200001 
-50.000000 
-49.799999 
-49.599998 
-49.400002 
-49.200001 
-48.799999 
-48.599998 
-48.400002 
-48.200001 
-47.799999 
-47.599998 
-47.400002 
-47.000000 
-46.599998 
-46.400002 
-46.200001 
-45.799999 
-45.799999 
-45.400002 
-45.000000 
-44.599998 
-44.400002 
-43.799999 
-43.599998 
-43.400002 
-43.000000 
-42.599998 
-42.400002 
-42.200001 
-41.799999 
-41.599998 
-41.400002 
-41.200001 
-41.000000 
-40.799999 
-40.599998 
-40.200001 
-39.799999 
-39.400002 
-39.000000 
-38.599998 
-38.400002 
-38.200001 
-37.799999 
-37.599998 
-37.200001 
-36.799999 
-36.400002 
-36.000000 
-35.599998 
-35.400002 
-35.200001 
-34.799999 
-34.599998 
-34.200001 
-33.799999 
-33.400002 
-33.200001 
-32.799999 
-32.599998 
-32.400002 
-32.000000 
-31.600000 
-31.200001 
-31.000000 
-30.600000 
-30.200001 
-29.799999 
-29.600000 
-29.000000 
-28.600000 
-28.400000 
-28.000000 
-27.600000 
-27.200001 
-26.799999 
-26.400000 
-26.200001 
-25.799999 
-25.600000 
-25.200001 
-24.799999 
-24.400000 
-24.000000 
-23.600000 
-23.400000 
-23.000000 
-22.600000 
-22.200001 
-21.799999 
-21.400000 
-21.200001 
-20.799999 
-20.600000 
-20.200001 
-19.799999 
-19.200001 
-18.799999 
-18.200001 
-17.799999 
-17.400000 
-17.000000 
-16.600000 
-16.400000 
-16.000000 
-15.600000 
-15.200000 
-14.800000 
-14.200000 
-14.000000 
-13.600000 
-13.200000 
-12.800000 
-12.600000 
-12.000000 
-11.600000 
-11.200000 
-10.800000 
-10.400000 
-10.000000 
-9.600000 
-9.400000 
-9.000000 
-8.600000 
-8.200000 
-7.800000 
-7.400000 
-7.000000 
-6.600000 
-6.400000 
-6.000000 
-5.400000 
-5.000000 
-4.600000 
-4.000000 
-3.600000 
-3.400000 
-3.200000 
-2.800000 
-2.600000 
-2.200000 
-1.600000 
-1.000000 
-0.400000 
0.200000 
0.600000 
1.000000 
1.400000 
1.800000 
2.200000 
2.600000 
2.800000 
3.200000 
3.400000 
3.800000 
4.200000 
4.800000 
5.200000 
5.800000 
6.200000 
6.600000 
7.000000 
7.400000 
7.800000 
8.200000 
8.600000 
8.800000 
9.200000 
9.600000 
10.000000 
10.400000 
10.800000 
11.200000 
11.400000 
11.800000 
12.200000 
12.800000 
13.200000 
13.600000 
13.800000 
14.200000 
14.600000 
15.000000 
15.400000 
16.000000 
16.400000 
16.600000 
17.000000 
17.400000 
17.799999 
18.200001 
18.600000 
19.000000 
19.400000 
19.600000 
20.000000 
20.400000 
20.600000 
21.000000 
21.600000 
22.000000 
22.400000 
23.000000 
23.400000 
23.600000 
24.000000 
24.400000 
24.799999 
25.200001 
25.600000 
25.799999 
26.200001 
26.400000 
26.799999 
27.200001 
27.600000 
28.000000 
28.400000 
28.600000 
28.799999 
29.200001 
29.400000 
29.600000 
30.000000 
30.400000 
30.799999 
31.200001 
31.600000 
31.799999 
32.200001 
32.400002 
32.799999 
33.200001 
33.599998 
33.799999 
34.200001 
34.400002 
34.799999 
35.200001 
35.599998 
36.000000 
36.400002 
36.799999 
37.200001 
37.400002 
37.599998 
37.799999 
38.000000 
38.400002 
39.000000 
39.400002 
39.799999 
40.000000 
40.200001 
40.400002 
40.799999 
41.200001 
41.599998 
41.799999 
42.000000 
42.200001 
42.400002 
42.799999 
43.200001 
43.799999 
44.000000 
44.400002 
44.599998 
44.799999 
45.000000 
45.400002 
45.599998 
46.000000 
46.200001 
46.400002 
46.599998 
46.799999 
46.799999 
47.200001 
47.400002 
47.599998 
48.000000 
48.400002 
48.599998 
49.000000 
49.400002 
49.599998 
49.799999 
50.000000 
50.200001 
50.400002 
50.599998 
51.000000 
51.400002 
51.599998 
51.799999 
52.000000 
52.200001 
52.400002 
52.599998 
52.799999 
53.200001 
53.400002 
53.599998 
53.799999 
54.000000 
54.200001 
54.400002 
54.599998 
54.799999 
55.000000 
55.000000 
55.200001 
55.400002 
55.799999 
56.200001 
56.599998 
56.799999 
57.000000 
57.000000 
57.000000 
57.000000 
57.000000 
57.200001 
57.400002 
57.599998 
57.799999 
58.000000 
58.200001 
58.400002 
58.599998 
58.799999 
59.200001 
59.400002 
59.599998 
59.799999 
60.000000 
60.000000 
60.000000 
60.000000 
60.000000 
60.200001 
60.400002 
60.599998 
60.799999 
61.000000 
61.000000 
61.000000 
61.000000 
61.200001 
61.400002 
61.599998 
61.799999 
62.000000 
62.000000 
62.000000 
62.000000 
62.000000 
62.000000 
62.000000 
62.000000 
62.200001 
62.400002 
62.599998 
62.799999 
63.000000 
63.000000 
63.000000 
63.000000 
63.000000 
63.000000 
63.000000 
63.000000 
63.000000 
63.000000 
63.000000 
63.000000 
63.000000 
63.200001 
63.200001 
63.400002 
63.599998 
63.599998 
63.599998 
63.799999 
63.799999 
63.799999 
64.000000 
64.000000 
64.000000 
64.000000 
64.000000 
64.000000 
63.799999 
63.799999 
63.799999 
63.799999 
63.799999 
64.000000 
64.000000 
64.000000 
64.000000 
63.799999 
63.599998 
63.599998 
63.599998 
63.599998 
63.599998 
63.799999 
63.599998 
63.400002 
63.200001 
63.200001 
63.000000 
63.000000 
63.000000 
62.799999 
62.799999 
62.599998 
62.599998 
62.599998 
62.799999 
62.599998 
62.799999 
62.799999 
62.599998 
62.400002 
62.400002 
62.200001 
62.000000 
62.000000 
62.000000 
62.000000 
62.000000 
62.000000 
61.799999 
61.599998 
61.400002 
61.400002 
61.200001 
61.200001 
61.200001 
61.200001 
61.000000 
60.799999 
60.599998 
60.400002 
60.200001 
60.000000 
60.000000 
60.000000 
60.000000 
60.000000 
59.799999 
59.599998 
59.400002 
59.200001 
59.000000 
59.000000 
58.799999 
58.799999 
58.599998 
58.400002 
58.200001 
58.200001 
57.799999 
57.599998 
57.400002 
57.200001 
57.000000 
57.000000 
57.000000 
56.799999 
56.400002 
56.200001 
56.000000 
55.599998 
55.400002 
55.400002 
55.200001 
55.000000 
54.799999 
54.599998 
54.400002 
54.200001 
53.799999 
53.599998 
53.400002 
53.200001 
52.799999 
52.599998 
52.400002 
52.200001 
52.000000 
52.000000 
51.799999 
51.599998 
51.400002 
51.000000 
50.599998 
50.400002 
50.200001 
50.000000 
50.000000 
49.799999 
49.599998 
49.200001 
49.000000 
48.599998 
48.400002 
48.000000 
47.799999 
47.400002 
47.200001 
47.000000 
47.000000 
46.799999 
46.400002 
46.000000 
45.599998 
45.200001 
45.000000 
44.799999 
44.599998 
44.400002 
44.000000 
43.599998 
43.200001 
42.799999 
42.400002 
42.200001 
42.000000 
41.799999 
41.599998 
41.200001 
40.799999 
40.400002 
40.000000 
39.599998 
39.400002 
39.000000 
38.799999 
38.599998 
38.200001 
37.799999 
37.599998 
37.200001 
36.799999 
36.599998 
36.400002 
36.200001 
35.799999 
35.599998 
35.200001 
34.799999 
34.400002 
34.000000 
33.599998 
33.200001 
32.799999 
32.400002 
32.000000 
31.600000 
31.400000 
31.000000 
30.600000 
30.400000 
30.200001 
29.799999 
29.600000 
29.200001 
28.799999 
28.400000 
28.000000 
27.600000 
27.400000 
27.200001 
26.799999 
26.400000 
26.200001 
25.799999 
25.400000 
25.000000 
24.799999 
24.400000 
24.000000 
23.600000 
23.200001 
22.799999 
22.400000 
22.000000 
21.600000 
21.200001 
20.799999 
20.400000 
20.000000 
19.600000 
19.400000 
19.000000 
18.600000 
18.200001 
17.799999 
17.400000 
17.000000 
16.600000 
16.400000 
16.000000 
15.600000 
15.200000 
14.800000 
14.400000 
14.000000 
13.600000 
13.200000 
12.800000 
12.200000 
11.800000 
11.400000 
11.000000 
10.600000 
10.400000 
10.000000 
9.600000 
9.200000 
8.800000 
8.400000 
8.000000 
7.600000 
7.400000 
7.000000 
6.600000 
6.200000 
5.600000 
5.000000 
4.600000 
4.200000 
4.000000 
3.800000 
3.400000 
3.000000 
2.600000 
2.000000 
1.600000 
1.200000 
0.800000 
0.400000 
0.000000 
-0.400000 
-0.600000 
-1.000000 
-1.400000 
-1.800000 
-2.200000 
-2.800000 
-3.200000 
-3.600000 
-4.000000 
-4.400000 
-4.800000 
-5.200000 
-5.600000 
-6.000000 
-6.600000 
-6.800000 
-7.200000 
-7.600000 
-8.000000 
-8.200000 
-8.800000 
-9.200000 
-9.800000 
-10.200000 
-10.600000 
-11.000000 
-11.400000 
-11.800000 
-12.200000 
-12.600000 
-13.000000 
-13.400000 
-13.800000 
-14.200000 
-14.600000 
-14.800000 
-15.200000 
-15.400000 
-15.800000 
-16.200001 
-16.799999 
-17.200001 
-17.600000 
-17.799999 
-18.200001 
-18.400000 
-18.799999 
-19.200001 
-19.799999 
-20.200001 
-20.799999 
-21.200001 
-21.600000 
-22.000000 
-22.400000 
-22.600000 
-23.000000 
-23.200001 
-23.400000 
-23.600000 
-24.000000 
-24.400000 
-25.000000 
-25.400000 
-25.799999 
-26.200001 
-26.400000 
-26.799999 
-27.200001 
-27.600000 
-28.000000 
-28.400000 
-28.799999 
-29.200001 
-29.799999 
-30.200001 
-30.600000 
-30.799999 
-31.200001 
-31.400000 
-31.799999 
-32.000000 
-32.400002 
-32.599998 
-32.799999 
-33.000000 
-33.400002 
-33.799999 
-34.200001 
-34.599998 
-35.000000 
-35.599998 
-35.799999 
-36.200001 
-36.400002 
-36.799999 
-36.799999 
-37.200001 
-37.400002 
-37.799999 
-38.000000 
-38.400002 
-38.599998 
-39.000000 
-39.400002 
-39.799999 
-40.200001 
-40.599998 
-40.799999 
-41.000000 
-41.200001 
-41.400002 
-41.599998 
-42.000000 
-42.400002 
-42.599998 
-42.799999 
-43.200001 
-43.400002 
-43.799999 
-44.200001 
-44.599998 
-44.799999 
-45.000000 
-45.200001 
-45.400002 
-45.599998 
-45.799999 
-46.200001 
-46.400002 
-46.599998 
-47.000000 
-47.400002 
-47.599998 
-48.000000 
-48.400002 
-48.599998 
-48.799999 
-49.000000 
-49.200001 
-49.400002 
-49.599998 
-49.799999 
-50.200001 
-50.400002 
-50.599998 
-50.799999 
-51.200001 
-51.200001 
-51.400002 
-51.599998 
-51.799999 
-52.000000 
-52.400002 
-52.599998 
-52.799999 
-53.200001 
-53.400002 
-53.599998 
-53.799999 
-54.000000 
-54.200001 
-54.400002 
-54.599998 
-54.799999 
-55.000000 
-55.200001 
-55.400002 
-55.599998 
-55.799999 
-56.000000 
-56.200001 
-56.400002 
-56.599998 
-56.799999 
-57.000000 
-57.000000 
-57.200001 
-57.400002 
-57.599998 
-57.799999 
-58.000000 
-58.000000 
-58.200001 
-58.400002 
-58.599998 
-58.799999 
-59.000000 
-59.000000 
-59.000000 
-59.200001 
-59.400002 
-59.599998 
-59.799999 
-59.799999 
-59.799999 
-60.000000 
-60.000000 
-60.200001 
-60.599998 
-60.799999 
-60.799999 
-61.000000 
-61.000000 
-61.000000 
-61.000000 
-61.000000 
-61.200001 
-61.200001 
-61.200001 
-61.200001 
-61.400002 
-61.400002 
-61.599998 
-61.799999 
-62.000000 
-62.200001 
-62.400002 
-62.400002 
-62.400002 
-62.400002 
-62.400002 
-62.200001 
-62.400002 
-62.599998 
-62.799999 
-62.799999 
-63.000000 
-63.000000 
-63.000000 
-63.000000 
-63.000000 
-63.000000 
-63.000000 
-63.200001 
-63.200001 
-63.200001 
-63.400002 
-63.400002 
-63.200001 
-63.400002 
-63.599998 
-63.599998 
-63.799999 
-64.000000 
-64.000000 
-63.799999 
-63.599998 
-63.400002 
-63.400002 
-63.400002 
-63.400002 
-63.599998 
-63.599998 
-63.400002 
-63.400002 
-63.400002 
-63.200001 
-63.200001 
-63.200001 
-63.000000 
-63.000000 
-63.000000 
-63.000000 
-62.799999 
-62.799999 
-62.799999 
-62.799999 
-62.599998 
-62.599998 
-62.599998 
-62.400002 
-62.400002 
-62.400002 
-62.400002 
-62.200001 
-62.200001 
-62.000000 
-61.799999 
-61.799999 
-61.799999 
-61.799999 
-61.799999 
-61.799999 
-61.599998 
-61.400002 
-61.200001 
-61.000000 
-61.000000 
-61.000000 
-61.000000 
-61.000000 
-60.799999 
-60.599998 
-60.400002 
-60.200001 
-60.000000 
-59.799999 
-59.599998 
-59.599998 
-59.599998 
-59.400002 
-59.400002 
-59.400002 
-59.000000 
-58.799999 
-58.799999 
-58.799999 
-58.599998 
-58.599998 
-58.400002 
-58.200001 
-58.000000 
-58.000000 
-57.799999 
-57.799999 
-57.599998 
-57.200001 
-57.000000 
-56.799999 
-56.599998 
-56.400002 
-56.400002 
-56.200001 
-56.200001 
-56.000000 
-55.799999 
-55.599998 
-55.400002 
-55.200001 
-54.799999 
-54.599998 
-54.400002 
-54.200001 
-53.799999 
-53.599998 
-53.400002 
-53.200001 
-53.000000 
-52.799999 
-52.599998 
-52.400002 
-52.200001 
-51.799999 
-51.599998 
-51.400002 
-51.200001 
-51.000000 
-50.799999 
-50.599998 
-50.400002 
-50.200001 
-49.799999 
-49.599998 
-49.400002 
-49.000000 
-48.799999 
-48.599998 
-48.400002 
-48.200001 
-48.200001 
-47.799999 
-47.400002 
-47.000000 
-46.599998 
-46.200001 
-45.799999 
-45.599998 
-45.400002 
-45.200001 
-45.000000 
-44.799999 
-44.599998 
-44.400002 
-44.000000 
-43.599998 
-43.400002 
-43.000000 
-42.599998 
-42.400002 
-42.000000 
-41.799999 
-41.599998 
-41.400002 
-41.000000 
-41.000000 
-40.799999 
-40.599998 
-40.400002 
-40.400002 
-40.000000 
-39.599998 
-39.200001 
-38.799999 
-38.400002 
-38.000000 
-37.599998 
-37.200001 
-36.799999 
-36.400002 
-36.200001 
-36.000000 
-35.799999 
-35.599998 
-35.200001 
-34.799999 
-34.200001 
-33.799999 
-33.400002 
-33.200001 
-32.799999 
-32.599998 
-32.400002 
-32.000000 
-31.600000 
-31.400000 
-31.200001 
-30.799999 
-30.400000 
-30.000000 
-29.600000 
-29.000000 
-28.600000 
-28.400000 
-28.000000 
-27.600000 
-27.400000 
-27.000000 
-26.600000 
-26.200001 
-25.799999 
-25.400000 
-25.200001 
-24.799999 
-24.600000 
-24.200001 
-23.799999 
-23.200001 
-22.799999 
-22.400000 
-22.200001 
-21.799999 
-21.400000 
-21.200001 
-20.799999 
-20.200001 
-19.799999 
-19.400000 
-18.799999 
-18.400000 
-18.000000 
-17.600000 
-17.400000 
-17.200001 
-16.799999 
-16.400000 
-16.000000 
-15.600000 
-15.200000 
-14.800000 
-14.600000 
-14.400000 
-14.000000 
-13.400000 
-13.000000 
-12.600000 
-12.000000 
-11.600000 
-11.400000 
-11.000000 
-10.600000 
-10.200000 
-9.800000 
-9.200000 
-8.800000 
-8.400000 
-8.000000 
-7.600000 
-7.200000 
-6.800000 
-6.400000 
-6.200000 
-5.800000 
-5.400000 
-5.000000 
-4.600000 
-4.000000 
-3.600000 
-3.400000 
-3.000000 
-2.400000 
-2.000000 
-1.600000 
-1.000000 
-0.600000 
-0.200000 
0.200000 
0.800000 
1.200000 
1.600000 
1.800000 
2.200000 
2.400000 
2.800000 
3.200000 
3.600000 
4.000000 
4.400000 
4.800000 
5.200000 
5.800000 
6.200000 
6.600000 
7.000000 
7.400000 
7.800000 
8.200000 
8.800000 
9.000000 
9.400000 
9.800000 
10.200000 
10.400000 
11.000000 
11.400000 
11.600000 
12.000000 
12.400000 
12.800000 
13.200000 
13.600000 
13.800000 
14.200000 
14.600000 
15.000000 
15.600000 
16.200001 
16.600000 
16.799999 
17.000000 
17.200001 
17.600000 
18.000000 
18.400000 
18.799999 
19.200001 
19.400000 
19.799999 
20.200001 
20.600000 
21.000000 
21.400000 
21.799999 
22.200001 
22.600000 
23.000000 
23.400000 
23.600000 
24.000000 
24.400000 
24.799999 
25.200001 
25.600000 
26.000000 
26.400000 
26.600000 
27.000000 
27.400000 
27.600000 
28.000000 
28.400000 
28.600000 
29.000000 
29.400000 
29.799999 
30.200001 
30.600000 
31.000000 
31.400000 
31.600000 
32.000000 
32.400002 
32.599998 
33.000000 
33.400002 
33.599998 
33.799999 
34.200001 
34.400002 
34.799999 
35.200001 
35.599998 
36.000000 
36.400002 
36.599998 
37.000000 
37.400002 
37.599998 
38.000000 
38.400002 
38.599998 
38.799999 
39.200001 
39.400002 
39.599998 
40.000000 
40.400002 
40.599998 
41.000000 
41.400002 
41.599998 
42.000000 
42.400002 
42.599998 
43.000000 
43.200001 
43.400002 
43.799999 
44.200001 
44.400002 
44.799999 
45.200001 
45.400002 
45.599998 
45.799999 
46.200001 
46.400002 
46.599998 
46.799999 
47.000000 
47.200001 
47.400002 
47.799999 
48.200001 
48.599998 
49.000000 
49.400002 
49.599998 
49.799999 
50.000000 
50.000000 
50.200001 
50.400002 
50.599998 
50.799999 
51.200001 
51.400002 
51.599998 
51.799999 
52.200001 
52.400002 
52.599998 
53.000000 
53.200001 
53.400002 
53.599998 
53.799999 
54.000000 
54.400002 
54.599998 
54.799999 
55.000000 
55.000000 
55.000000 
55.200001 
55.400002 
55.599998 
56.000000 
56.400002 
56.400002 
56.599998 
56.799999 
56.799999 
56.799999 
57.200001 
57.200001 
57.400002 
57.599998 
57.799999 
58.000000 
58.400002 
58.599998 
58.799999 
59.000000 
59.000000 
59.200001 
59.200001 
59.400002 
59.599998 
59.799999 
59.799999 
60.000000 
60.000000 
60.000000 
60.000000 
60.200001 
60.400002 
60.599998 
60.799999 
61.000000 
61.200001 
61.200001 
61.200001 
61.400002 
61.599998 
61.599998 
61.799999 
62.000000 
62.000000 
62.000000 
62.000000 
62.000000 
62.000000 
62.000000 
62.000000 
62.000000 
62.200001 
62.400002 
62.599998 
62.799999 
63.000000 
63.000000 
63.000000 
63.000000 
63.000000 
63.000000 
63.000000 
63.000000 
63.000000 
63.000000 
63.200001 
63.400002 
63.400002 
63.599998 
63.799999 
63.799999 
63.799999 
63.799999 
63.599998 
63.599998 
63.599998 
63.599998 
63.799999 
64.000000 
64.000000 
64.000000 
64.000000 
