0.065221 
0.100029 
0.123632 
0.093206 
0.156612 
0.136220 
0.194363 
0.173565 
0.203686 
0.184508 
0.263357 
0.213609 
0.302583 
0.265144 
0.288493 
0.328444 
0.286386 
0.388304 
0.355533 
0.356575 
0.396892 
0.401375 
0.448785 
0.410425 
0.445587 
0.468460 
0.525086 
0.516868 
0.504534 
0.560239 
0.556758 
0.550934 
0.617770 
0.582296 
0.659086 
0.615808 
0.673829 
0.620059 
0.668028 
0.672232 
0.730016 
0.728464 
0.683740 
0.770459 
0.729074 
0.744461 
0.745534 
0.787853 
0.798866 
0.850510 
0.853910 
0.825304 
0.875666 
0.867174 
0.905294 
0.865531 
0.841718 
0.902933 
0.855076 
0.946443 
0.917705 
0.939356 
0.974637 
0.952642 
0.900668 
0.979744 
0.917864 
0.978252 
0.988126 
0.939379 
0.962960 
0.964113 
0.978886 
1.005504 
1.044998 
1.062572 
0.991292 
1.045133 
1.044953 
1.032862 
0.989456 
0.988869 
1.050795 
1.020355 
1.058113 
1.068804 
1.056297 
1.022675 
1.016744 
1.038634 
1.013129 
1.095850 
1.013606 
1.054164 
1.001925 
1.003644 
1.090222 
1.042243 
1.037907 
1.063206 
1.057033 
1.036341 
1.076707 
0.990054 
0.970802 
1.006821 
1.036008 
0.995674 
0.954426 
0.964086 
0.998642 
0.940752 
0.949685 
0.962685 
1.012743 
0.997198 
0.943708 
0.984530 
0.954587 
0.922064 
0.959644 
0.929344 
0.869792 
0.896555 
0.852226 
0.890440 
0.858417 
0.833143 
0.798860 
0.844006 
0.819656 
0.803997 
0.826827 
0.829965 
0.721720 
0.793846 
0.767235 
0.752569 
0.712555 
0.730338 
0.676392 
0.678861 
0.636973 
0.695104 
0.615151 
0.663096 
0.575880 
0.568578 
0.626904 
0.575251 
0.573199 
0.511764 
0.504815 
0.461800 
0.466091 
0.438003 
0.488972 
0.416815 
0.384144 
0.377949 
0.384005 
0.391534 
0.333130 
0.390788 
0.337871 
0.320549 
0.328933 
0.324902 
0.272370 
0.192726 
0.197337 
0.181072 
0.206073 
0.144957 
0.105218 
0.181330 
0.160219 
0.106888 
0.038845 
0.096590 
0.088281 
0.074778 
-0.005153 
0.036238 
0.019773 
-0.057455 
-0.100503 
-0.047291 
-0.041059 
-0.131800 
-0.078006 
-0.135729 
-0.171036 
-0.196279 
-0.202776 
-0.250939 
-0.197714 
-0.233428 
-0.276179 
-0.286437 
-0.292296 
-0.319109 
-0.347039 
-0.311389 
-0.345153 
-0.333391 
-0.366357 
-0.443944 
-0.433347 
-0.395549 
-0.469958 
-0.440759 
-0.439511 
-0.444877 
-0.523456 
-0.499648 
-0.531494 
-0.539331 
-0.613894 
-0.622152 
-0.562072 
-0.593783 
-0.622434 
-0.632958 
-0.598229 
-0.629828 
-0.662493 
-0.703054 
-0.739226 
-0.658970 
-0.717654 
-0.773426 
-0.732958 
-0.771092 
-0.763792 
-0.726248 
-0.749931 
-0.750060 
-0.809717 
-0.800412 
-0.824200 
-0.788377 
-0.840786 
-0.798221 
-0.820697 
-0.822702 
-0.899791 
-0.880239 
-0.838296 
-0.862167 
-0.889526 
-0.895032 
-0.908007 
-0.931337 
-0.931442 
-0.940809 
-0.895623 
-0.899676 
-0.964683 
-0.905719 
-0.968291 
-0.919449 
-0.919963 
-0.983763 
-0.934269 
-0.943855 
-0.952616 
-0.913165 
-0.915349 
-0.947338 
-0.969179 
-0.934077 
-0.961240 
-0.919904 
-0.931940 
-0.912485 
-0.965313 
-0.957349 
-0.975760 
-0.927216 
-0.891128 
-0.919253 
-0.921579 
-0.966887 
-0.969038 
-0.876623 
-0.921011 
-0.933715 
-0.872294 
-0.921058 
-0.916309 
-0.901017 
-0.832045 
-0.857316 
-0.850189 
-0.821302 
-0.800531 
-0.851161 
-0.809798 
-0.831827 
-0.821938 
-0.854338 
-0.839265 
-0.754488 
-0.820218 
-0.778587 
-0.805144 
-0.736918 
-0.763288 
-0.740554 
-0.749210 
-0.731671 
-0.712974 
-0.649479 
-0.712891 
-0.660368 
-0.620053 
-0.659512 
-0.667779 
-0.559688 
-0.573816 
-0.558575 
-0.536554 
-0.556062 
-0.565464 
-0.515625 
-0.538751 
-0.465935 
-0.474778 
-0.458161 
-0.445641 
-0.468531 
-0.439395 
-0.401902 
-0.378723 
-0.347906 
-0.316060 
-0.304492 
-0.336132 
-0.351257 
-0.293276 
-0.265099 
-0.281334 
-0.260272 
-0.264657 
-0.241768 
-0.178513 
-0.222491 
-0.122439 
-0.108446 
-0.109031 
-0.139448 
-0.080465 
-0.023536 
-0.053267 
-0.058572 
0.013983 
-0.031815 
0.027679 
0.034359 
