0.001025 
0.069471 
0.123589 
0.151869 
0.154833 
0.169553 
0.158629 
0.143248 
0.141395 
0.228580 
0.267157 
0.271323 
0.290702 
0.311361 
0.335104 
0.281873 
0.299265 
0.371387 
0.317486 
0.407996 
0.418091 
0.449508 
0.454968 
0.482906 
0.426745 
0.514159 
0.465600 
0.527159 
0.484221 
0.571342 
0.527448 
0.563410 
0.597152 
0.622458 
0.617575 
0.661842 
0.596037 
0.698098 
0.623166 
0.669370 
0.660137 
0.745954 
0.690310 
0.725780 
0.781566 
0.800957 
0.726124 
0.819882 
0.809324 
0.815740 
0.819791 
0.788844 
0.863794 
0.879619 
0.898207 
0.913824 
0.862410 
0.904130 
0.881799 
0.914979 
0.947043 
0.903344 
0.956174 
0.899051 
0.953798 
0.946974 
0.925188 
0.962614 
1.015819 
1.014518 
0.961141 
1.004071 
1.039704 
1.028448 
1.017596 
1.047615 
1.046192 
0.994680 
1.020578 
1.032193 
1.015750 
1.028345 
1.003681 
1.068659 
1.029627 
1.093076 
1.002764 
1.018198 
1.047082 
1.031865 
1.075838 
1.095175 
1.009337 
1.017679 
1.063768 
1.047509 
1.010941 
1.001888 
1.057421 
1.017728 
1.029121 
0.988717 
0.986894 
1.037809 
1.051765 
1.013748 
0.998436 
0.960913 
0.994686 
0.954692 
1.034663 
0.983204 
0.948742 
0.952488 
0.983759 
0.958760 
0.947483 
0.970886 
0.913219 
0.960850 
0.895912 
0.872622 
0.853807 
0.892575 
0.851017 
0.840356 
0.849311 
0.800070 
0.794688 
0.820391 
0.837751 
0.791350 
0.789643 
0.817449 
0.779684 
0.713980 
0.758958 
0.718486 
0.699161 
0.694610 
0.679889 
0.673771 
0.653034 
0.693600 
0.632580 
0.613296 
0.594198 
0.577764 
0.594234 
0.526672 
0.544411 
0.564451 
0.519473 
0.484634 
0.442284 
0.439977 
0.497410 
0.430240 
0.382138 
0.405672 
0.426129 
0.417969 
0.309252 
0.354513 
0.295175 
0.328749 
0.287227 
0.231607 
0.216652 
0.239129 
0.203010 
0.181566 
0.195611 
0.172640 
0.125266 
0.135900 
0.080285 
0.111539 
0.081684 
0.043616 
0.082885 
-0.003008 
-0.029156 
-0.001929 
0.011450 
-0.004081 
-0.025705 
-0.036738 
-0.096462 
-0.137522 
-0.115565 
-0.147369 
-0.197755 
-0.127496 
-0.186128 
-0.236437 
-0.234746 
-0.241177 
-0.298192 
-0.279351 
-0.252491 
-0.274244 
-0.316853 
-0.369127 
-0.351855 
-0.329219 
-0.364077 
-0.396152 
-0.437687 
-0.408416 
-0.427335 
-0.459815 
-0.471495 
-0.493414 
-0.508663 
-0.558809 
-0.487993 
-0.532953 
-0.548536 
-0.557040 
-0.584885 
-0.611075 
-0.608899 
-0.672016 
-0.645258 
-0.617425 
-0.649785 
-0.682521 
-0.701988 
-0.691591 
-0.683825 
-0.702550 
-0.703490 
-0.763304 
-0.743106 
-0.818304 
-0.790230 
-0.760458 
-0.842665 
-0.835148 
-0.841333 
-0.806737 
-0.875068 
-0.831419 
-0.800701 
-0.880800 
-0.820400 
-0.865919 
-0.842004 
-0.858828 
-0.906098 
-0.936027 
-0.881871 
-0.912385 
-0.900878 
-0.933228 
-0.900756 
-0.883388 
-0.977327 
-0.893038 
-0.980764 
-0.908133 
-0.927339 
-0.986076 
-0.919831 
-0.912196 
-0.964894 
-0.947267 
-0.931679 
-0.948122 
-0.900513 
-0.989984 
-0.990876 
-0.997754 
-0.921759 
-0.902030 
-0.932362 
-0.911080 
-0.964178 
-0.970348 
-0.964894 
-0.903512 
-0.907015 
-0.931281 
-0.907678 
-0.883382 
-0.878178 
-0.893327 
-0.909661 
-0.931639 
-0.902674 
-0.929213 
-0.860788 
-0.905526 
-0.879020 
-0.884173 
-0.854640 
-0.888205 
-0.817961 
-0.797344 
-0.811809 
-0.856099 
-0.827854 
-0.783087 
-0.823395 
-0.785933 
-0.781102 
-0.769152 
-0.723974 
-0.773264 
-0.746040 
-0.738565 
-0.653481 
-0.684413 
-0.718592 
-0.672105 
-0.617275 
-0.613701 
-0.638148 
-0.638221 
-0.603864 
-0.567792 
-0.521960 
-0.527295 
-0.569608 
-0.549082 
-0.502495 
-0.477126 
-0.449781 
-0.459983 
-0.402054 
-0.386476 
-0.405404 
-0.399988 
-0.429136 
-0.363620 
-0.365146 
-0.377367 
-0.330773 
-0.306661 
-0.271773 
-0.307388 
-0.285374 
-0.262638 
-0.192417 
-0.218971 
-0.170322 
-0.162153 
-0.202122 
-0.141555 
-0.088770 
-0.076512 
-0.099978 
-0.094171 
-0.089990 
0.005856 
-0.067275 
-0.048506 
0.032366 
0.036702 
