0.134091 
0.151084 
0.166871 
0.181710 
0.203006 
0.222207 
0.239056 
0.256517 
0.275424 
0.294803 
0.310568 
0.322948 
0.336162 
0.356044 
0.369686 
0.391480 
0.402581 
0.422214 
0.437223 
0.445466 
0.462026 
0.473886 
0.488485 
0.502789 
0.514383 
0.525764 
0.541274 
0.549344 
0.569132 
0.583034 
0.594328 
0.611237 
0.626258 
0.646121 
0.660558 
0.672566 
0.690417 
0.705718 
0.719471 
0.735662 
0.747705 
0.759958 
0.773145 
0.780672 
0.794435 
0.805622 
0.810137 
0.821346 
0.827265 
0.835229 
0.851687 
0.863914 
0.874079 
0.881915 
0.894613 
0.905922 
0.914982 
0.923947 
0.935250 
0.951904 
0.952786 
0.960770 
0.968828 
0.972765 
0.982362 
0.982446 
0.988644 
0.995752 
0.998239 
0.994376 
0.999430 
1.001881 
0.999817 
1.009152 
1.009251 
1.017707 
1.023571 
1.027457 
1.034361 
1.038295 
1.041620 
1.039835 
1.041338 
1.038285 
1.036049 
1.031264 
1.030918 
1.027917 
1.028334 
1.030355 
1.027871 
1.030889 
1.033267 
1.035082 
1.031313 
1.030924 
1.026746 
1.026911 
1.019819 
1.013929 
1.016812 
1.015206 
1.005719 
1.002610 
0.997291 
0.993771 
0.992948 
0.980424 
0.973443 
0.971432 
0.962820 
0.951746 
0.948967 
0.938503 
0.932115 
0.925111 
0.913750 
0.911030 
0.897838 
0.886429 
0.871740 
0.864688 
0.853040 
0.839028 
0.828305 
0.820200 
0.808065 
0.797415 
0.786456 
0.772145 
0.761596 
0.751611 
0.741319 
0.733051 
0.725890 
0.708960 
0.692224 
0.674629 
0.660562 
0.650267 
0.641778 
0.628037 
0.609304 
0.597144 
0.581313 
0.565034 
0.553897 
0.537452 
0.522076 
0.501914 
0.479919 
0.455690 
0.441530 
0.418087 
0.398491 
0.385237 
0.364155 
0.351180 
0.338467 
0.319286 
0.306107 
0.290542 
0.273419 
0.257379 
0.243127 
0.221018 
0.207806 
0.194394 
0.171065 
0.158868 
0.136694 
0.118874 
0.098395 
0.081724 
0.063413 
0.047562 
0.030096 
0.004427 
-0.010492 
-0.026976 
-0.037720 
-0.047350 
-0.058617 
-0.078767 
-0.093071 
-0.103836 
-0.122019 
-0.134011 
-0.143864 
-0.166372 
-0.186081 
-0.202953 
-0.224803 
-0.239219 
-0.257598 
-0.281159 
-0.296033 
-0.316097 
-0.337667 
-0.353347 
-0.374190 
-0.399575 
-0.416026 
-0.432870 
-0.456444 
-0.471431 
-0.482465 
-0.499988 
-0.518176 
-0.532128 
-0.540934 
-0.552063 
-0.564921 
-0.577499 
-0.581967 
-0.588786 
-0.609186 
-0.620796 
-0.629051 
-0.635568 
-0.652773 
-0.668209 
-0.674570 
-0.688220 
-0.705251 
-0.725993 
-0.730940 
-0.742055 
-0.749162 
-0.767313 
-0.772569 
-0.778514 
-0.792631 
-0.796945 
-0.804253 
-0.812470 
-0.819971 
-0.821956 
-0.831653 
-0.833315 
-0.840926 
-0.846483 
-0.849461 
-0.852960 
-0.859170 
-0.858735 
-0.872889 
-0.883875 
-0.890690 
-0.898352 
-0.908098 
-0.910293 
-0.912674 
-0.922236 
-0.927204 
-0.935708 
-0.933534 
-0.936990 
-0.943478 
-0.949775 
-0.944689 
-0.946075 
-0.952360 
-0.947759 
-0.944723 
-0.939821 
-0.943924 
-0.945649 
-0.946559 
-0.936423 
-0.942415 
-0.944051 
-0.938264 
-0.942026 
-0.938475 
-0.934006 
-0.928105 
-0.918040 
-0.909693 
-0.907839 
-0.904497 
-0.903815 
-0.905100 
-0.898174 
-0.901452 
-0.902781 
-0.899231 
-0.898243 
-0.890164 
-0.890194 
-0.881390 
-0.866600 
-0.857349 
-0.850609 
-0.835722 
-0.829383 
-0.820976 
-0.813208 
-0.807751 
-0.793231 
-0.783989 
-0.773097 
-0.762960 
-0.752002 
-0.746681 
-0.726705 
-0.713094 
-0.700387 
-0.688312 
-0.679420 
-0.665764 
-0.657586 
-0.648615 
-0.633564 
-0.613005 
-0.604123 
-0.589810 
-0.574847 
-0.564406 
-0.544973 
-0.529749 
-0.515434 
-0.500425 
-0.492087 
-0.486821 
-0.471721 
-0.461535 
-0.439463 
-0.417235 
-0.404970 
-0.388808 
-0.373878 
-0.355318 
-0.332930 
-0.311577 
-0.294412 
-0.277438 
-0.270545 
-0.257787 
-0.243887 
-0.230194 
-0.217894 
-0.202662 
-0.185335 
-0.173477 
-0.153483 
-0.131331 
-0.106646 
-0.089047 
-0.071015 
-0.051013 
