5000
0.046706
5100
0.047627
5200
0.048873
5300
0.050402
5400
0.052248
5500
0.054264
5600
0.056359
5700
0.058481
5800
0.060252
5900
0.061889
6000
0.063375
6100
0.064894
6200
0.066609
6300
0.068456
6400
0.071118
6500
0.073818
6600
0.076754
6700
0.077506
6800
0.080513
6900
0.083667
7000
0.087194
7100
0.090764
7200
0.094445
7300
0.098032
7400
0.101711
7500
0.105475
7600
0.109084
7700
0.112509
7800
0.116200
7900
0.119533
8000
0.123313
8100
0.127244
8200
0.131537
8300
0.136113
8400
0.140857
8500
0.146372
8600
0.152055
8700
0.158185
8800
0.164966
8900
0.172139
9000
0.179763
9100
0.188809
9200
0.196654
9300
0.204012
9400
0.211748
9500
0.219409
9600
0.226509
9700
0.232772
9800
0.237968
9900
0.241761
10000
0.244618
10100
0.246905
10200
0.248511
10300
0.248912
10400
0.248961
10500
0.248135
10600
0.247209
10700
0.245120
10800
0.243068
10900
0.240050
11000
0.236114
11100
0.232209
11200
0.228628
11300
0.224070
11400
0.218668
11500
0.213070
11600
0.207321
11700
0.201312
11800
0.195327
11900
0.189466
12000
0.183654
12100
0.177157
12200
0.172253
12300
0.167486
12400
0.162699
12500
0.157530
12600
0.153246
12700
0.150041
12800
0.146821
12900
0.143572
13000
0.140572
13100
0.137538
13200
0.134776
13300
0.128555
13400
0.126186
13500
0.123800
13600
0.121468
13700
0.119188
13800
0.116894
13900
0.114781
14000
0.112799
14100
0.110830
14200
0.109233
14300
0.107814
14400
0.106217
14500
0.104338
14600
0.103035
14700
0.101440
14800
0.099767
14900
0.098163
